action:
  max: [533.3065795898438, 234.9560089111328, 1027.9222412109375, 1.0]
  min: [260.4293518066406, -327.9571228027344, 706.2498168945312, 0.0]
  scale: [136.43861389160156, 281.4565734863281, 160.83621215820312, 0.5]
  bias: [396.86798095703125, -46.50055694580078, 867.0860595703125, 0.5]
obs:
  robot_ee_pos:
    max: [528.1969604492188, 227.19212341308594, 1024.8294677734375, 1.0]
    min: [269.8958435058594, -322.7248229980469, 712.716552734375, 0.0]
    scale: [129.1505584716797, 274.9584655761719, 156.05645751953125, 0.5]
    bias: [399.04638671875, -47.76634979248047, 868.7730102539062, 0.5]
